3,1
3,3
10,109
10,87
10,33
10,77
10,189
10,193
10,35
11,7
11,18
9,7
8,17
8,14
20,2
12,3
20,1
12,2
20,3
12,1
11,28
11,27
11,26
11,25
11,24
11,23
11,22
11,21
11,20
11,19
11,17
11,16
11,4
11,3
11,2
11,1
10,309
10,308
10,307
10,306
10,305
10,304
10,303
10,302
10,301
10,300
10,299
10,298
10,297
10,296
10,295
10,294
10,293
10,292
10,291
10,290
10,289
10,288
10,287
10,286
19,2
10,285
10,284
10,283
10,282
19,1
10,281
10,280
10,279
10,278
10,277
10,276
10,275
10,274
10,273
10,272
10,271
10,270
19,3
10,269
10,268
